Gryffindor:-3.507047627487723,0.36041018557167864,-1.1953488565394053,-0.36041018557168003,1.290161406505751,-0.2632774279966311,0.9818289062720074,-0.4513014740519372,-1.1682030598480242,0.0315980582053054,1.0282659613083258
Hufflepuff:-2.5068188201153965,1.1864789981532073,2.156571148398342,-1.1864789981532073,0.6425797809638041,-0.9376282367852146,-1.5367778939352825,0.4826919459048482,0.10565942570194348,-0.282227686552783,-0.8311019251983147
Ravenclaw:-2.38296601748969,-0.6772396306778723,0.9539428509031799,0.6772396306778737,0.12301117851704607,1.447556538874426,1.1477516430014634,0.10122095322600623,-0.0967528019877045,0.7937029371945469,-0.3314601173450783
Slytherin:-4.248028060341037,-0.8864247287975463,-1.1675101568074495,0.8864247287975463,-2.0079985731505703,-0.8943789409033294,-0.5429404913141482,-0.026988993000785576,1.4815866589264197,-0.4282253109619427,0.09777661190215811
